(title "Turbulent Kinetic Energy (k)")
(labels "Position" "Turbulent Kinetic Energy (k)")

((xy/key/label "axe")
-0.4	0.0281686
-0.379433	0.0273632
-0.359894	0.0265784
-0.341332	0.0258807
-0.323698	0.0255203
-0.306946	0.0257473
-0.291031	0.026765
-0.275912	0.0293032
-0.261549	0.0346469
-0.247904	0.0450435
-0.234942	0.0643055
-0.222627	0.0983311
-0.210929	0.155095
-0.199815	0.243633
-0.189257	0.371886
-0.179227	0.543892
-0.169698	0.757168
-0.160646	1.0012
-0.152046	1.2583
-0.143877	1.50753
-0.136115	1.73049
-0.128742	1.91599
-0.121738	2.06122
-0.115084	2.1693
-0.108762	2.2469
-0.102757	2.30143
-0.0970516	2.339
-0.0916317	2.36467
-0.0864828	2.38221
-0.0815913	2.39408
-0.0769444	2.40182
-0.0725299	2.40657
-0.0683361	2.40929
-0.064352	2.41072
-0.060567	2.41131
-0.0569714	2.41135
-0.0535555	2.41101
-0.0503104	2.41038
-0.0472275	2.40954
-0.0442988	2.40855
-0.0415166	2.40745
-0.0388734	2.40626
-0.0363624	2.40501
-0.033977	2.40373
-0.0317108	2.40243
-0.0295579	2.40112
-0.0275127	2.39981
-0.0255698	2.3985
-0.023724	2.39722
-0.0219704	2.39595
-0.0203046	2.3947
-0.018722	2.39349
-0.0172186	2.3923
-0.0157904	2.39115
-0.0144335	2.39002
-0.0131445	2.38894
-0.01192	2.38788
-0.0107567	2.38686
-0.0096515	2.38588
-0.0086016	2.38493
-0.0076042	2.38402
-0.00665666	2.38314
-0.00575651	2.3823
-0.00490136	2.38148
-0.00408897	2.3807
-0.0033172	2.37996
-0.00258401	2.37924
-0.00188749	2.37855
-0.00122579	2.37789
-0.000597182	2.37726
0	2.37663
0.000678251	2.37591
0.00137414	2.37518
0.00208811	2.37442
0.00282066	2.37364
0.00357224	2.37283
0.00434337	2.372
0.00513455	2.37114
0.0059463	2.37024
0.00677916	2.36932
0.00763367	2.36837
0.00851039	2.36738
0.00940991	2.36636
0.0103328	2.36531
0.0112797	2.36422
0.0122512	2.36309
0.013248	2.36192
0.0142707	2.36072
0.01532	2.35947
0.0163966	2.35817
0.0175012	2.35684
0.0186344	2.35545
0.0197972	2.35402
0.0209902	2.35253
0.0222142	2.351
0.02347	2.34941
0.0247584	2.34776
0.0260804	2.34606
0.0274368	2.34429
0.0288284	2.34247
0.0302562	2.34057
0.0317211	2.33862
0.0332241	2.33659
0.0347661	2.33448
0.0363483	2.33231
0.0379716	2.33005
0.0396371	2.32772
0.0413459	2.3253
0.0430992	2.32279
0.044898	2.3202
0.0467436	2.31751
0.0486372	2.31473
0.05058	2.31184
0.0525734	2.30885
0.0546185	2.30575
0.0567168	2.30254
0.0588697	2.29922
0.0610786	2.29576
0.0633449	2.29219
0.0656701	2.28848
0.0680558	2.28463
0.0705035	2.28064
0.0730148	2.2765
0.0755915	2.2722
0.0782351	2.26775
0.0809475	2.26313
0.0837303	2.25835
0.0865856	2.2534
0.0895151	2.24828
0.0925207	2.24299
0.0956045	2.23751
0.0987685	2.23186
0.102015	2.22601
0.105345	2.21997
0.108763	2.21373
0.112269	2.20728
0.115866	2.20063
0.119557	2.19375
0.123343	2.18666
0.127229	2.17934
0.131215	2.17178
0.135305	2.164
0.139501	2.15597
0.143806	2.14769
0.148223	2.13917
0.152755	2.13039
0.157405	2.12135
0.162176	2.11206
0.167071	2.1025
0.172093	2.09267
0.177245	2.08257
0.182532	2.07221
0.187956	2.06158
0.193521	2.05068
0.199231	2.03951
0.205089	2.02809
0.2111	2.0164
0.217267	2.00447
0.223594	1.99231
0.230086	1.97993
0.236746	1.96735
0.24358	1.95459
0.250591	1.9417
0.257785	1.9287
0.265165	1.91566
0.272738	1.90264
0.280507	1.88973
0.288479	1.87702
0.296658	1.86468
0.305049	1.85283
0.313658	1.84168
0.322492	1.83165
0.331555	1.82315
0.340854	1.81599
0.350394	1.81183
0.360182	1.81219
0.370225	1.81662
0.38053	1.82626
0.391102	1.84324
0.401948	1.8704
0.413077	1.91153
0.424496	1.97173
0.436211	2.058
0.448231	2.17994
0.460563	2.35098
0.473216	2.58856
0.486198	2.91384
0.499517	3.35067
0.513183	3.92122
0.527204	4.63883
0.541589	5.50066
0.556349	6.48334
0.571492	7.54487
0.587029	8.6341
0.60297	9.70038
0.619326	10.7
0.636106	11.6005
0.653323	12.3819
0.670988	13.0341
0.689112	13.5551
0.707707	13.948
0.726786	14.2202
0.74636	14.3811
0.766444	14.4411
0.78705	14.4117
0.808191	14.3038
0.829883	14.128
0.852138	13.895
0.874972	13.6135
0.898399	13.2921
0.922436	12.9387
0.947097	12.5603
0.9724	12.1629
0.998361	11.752
1.025	11.3323
1.05232	10.9079
1.08036	10.4822
1.10913	10.0583
1.13865	9.63916
1.16893	9.22232
1.2	8.81895
1.22667	8.48993
1.25333	8.16955
1.28	7.86482
1.30667	7.57407
1.33333	7.29659
1.36	7.03185
1.38667	6.77936
1.41333	6.53858
1.44	6.30899
1.46667	6.09009
1.49333	5.88135
1.52	5.68227
1.54667	5.49238
1.57333	5.3112
1.6	5.13828
1.62667	4.9732
1.65333	4.81554
1.68	4.6649
1.70667	4.52091
1.73333	4.38324
1.76	4.25151
1.78667	4.12548
1.81333	4.00476
1.84	3.88919
1.86667	3.77834
1.89333	3.67221
1.92	3.57023
1.94667	3.47254
1.97333	3.36883
2	3.31098
)
