(title "Turbulent Kinetic Energy (k)")
(labels "Position" "Turbulent Kinetic Energy (k)")

((xy/key/label "line-10")
0	6.11198
0.00365449	6.11299
0.00701662	6.11567
0.0101098	6.11954
0.0129555	6.12416
0.0155735	6.12919
0.0179821	6.13436
0.0201981	6.13948
0.0222367	6.14442
0.0241122	6.14907
0.0258378	6.15339
0.0274252	6.15735
0.0288857	6.16095
0.0302293	6.16418
0.0314655	6.16706
0.0326027	6.16963
0.033649	6.17189
0.0346116	6.17388
0.0354971	6.17563
0.0363118	6.17716
0.0370614	6.17849
0.037751	6.17965
0.0383854	6.18066
0.038969	6.18153
0.039506	6.18228
0.04	6.18294
0.0406667	6.18376
0.0413333	6.1845
0.042	6.18516
0.0426667	6.18573
0.0433333	6.18622
0.044	6.18662
0.0446667	6.18692
0.0453333	6.18712
0.046	6.18722
0.0466667	6.18722
0.0473333	6.18711
0.048	6.18689
0.0486667	6.18656
0.0493333	6.18611
0.05	6.18555
0.0511699	6.18426
0.0524393	6.18242
0.0538166	6.17988
0.055311	6.17646
0.0569323	6.17195
0.0586915	6.16605
0.0606002	6.15843
0.0626712	6.14868
0.0649182	6.13628
0.0673562	6.12063
0.0700014	6.10096
0.0728714	6.07638
0.0759855	6.04583
0.0793642	6.00801
0.0830301	5.96144
0.0870076	5.90439
0.0913231	5.83486
0.0960055	5.75062
0.101086	5.64919
0.106598	5.52792
0.112579	5.38401
0.119068	5.21467
0.126109	5.01727
0.133748	4.78949
0.142037	4.52966
0.15103	4.23699
0.160787	3.91191
0.171374	3.55638
0.182861	3.1742
0.195324	2.77119
0.208846	2.35526
0.223518	1.93621
0.239437	1.52531
0.25	1.28592
)

((xy/key/label "line-8")
0	2.2439
0.00365675	2.24825
0.00702096	2.2584
0.010116	2.26939
0.0129635	2.27674
0.0155832	2.2774
0.0179933	2.26994
0.0202106	2.25414
0.0222505	2.23093
0.0241272	2.20233
0.0258538	2.17173
0.0274422	2.1452
0.0289036	2.13544
0.030248	2.1713
0.031485	2.34293
0.0326229	2.92553
0.0336698	4.43633
0.034633	7.0509
0.0355191	10.0963
0.0363343	12.8132
0.0370843	14.9534
0.0377743	16.5357
0.0384091	17.649
0.0389932	18.3907
0.0395305	18.8471
0.0400248	19.0875
0.0406898	19.1674
0.0413548	18.9991
0.0420198	18.6148
0.0426848	18.049
0.0433498	17.3344
0.0440149	16.5011
0.0446799	15.5763
0.0453449	14.5849
0.0460099	13.5488
0.0466749	12.4875
0.0473399	11.4177
0.048005	10.3543
0.04867	9.30954
0.049335	8.29346
0.05	7.31251
0.0508273	6.15117
0.0517249	4.97735
0.0526988	3.81501
0.0537554	2.6885
0.0549019	1.61888
0.0561458	0.693746
0.0574955	0.155882
0.0589599	0.0194286
0.0605488	0.0103015
0.0622727	0.00950717
0.0641432	0.0089231
0.0661726	0.00826549
0.0683745	0.00760399
0.0707637	0.00696625
0.0733558	0.00635974
0.0761684	0.005787
0.0792199	0.00524914
0.0825309	0.00474664
0.0861233	0.00427956
0.0900211	0.00384764
0.0942501	0.00345031
0.0988387	0.00308677
0.103817	0.00275591
0.109219	0.00245642
0.11508	0.00218678
0.121439	0.00194527
0.128339	0.00172999
0.135825	0.00153897
0.143947	0.00137013
0.15276	0.00122139
0.162322	0.00109069
0.172696	0.000976052
0.183953	0.000875599
0.196166	0.000787607
0.209417	0.000710496
0.223795	0.000642885
0.239395	0.000583546
0.25	0.000550929
)

((xy/key/label "line-9")
0	1.81299
0.0036562	1.83423
0.0070199	1.91189
0.0101145	2.10299
0.0129615	2.53806
0.0155808	3.42773
0.0179906	4.91934
0.0202075	6.88675
0.0222471	9.00322
0.0241235	10.9994
0.0258499	12.7508
0.0274381	14.2273
0.0288992	15.4428
0.0302435	16.4277
0.0314802	17.2168
0.032618	17.843
0.0336647	18.3357
0.0346278	18.7199
0.0355137	19.0167
0.0363288	19.2432
0.0370787	19.4136
0.0377686	19.5393
0.0384033	19.6294
0.0389873	19.6916
0.0395245	19.7317
0.0400187	19.7546
0.0406842	19.7651
0.0413496	19.7531
0.042015	19.7195
0.0426804	19.6653
0.0433458	19.5915
0.0440112	19.499
0.0446767	19.3889
0.0453421	19.262
0.0460075	19.1193
0.0466729	18.9617
0.0473383	18.7901
0.0480037	18.6054
0.0486692	18.4083
0.0493346	18.1998
0.05	17.9804
0.0508931	17.6705
0.0518622	17.3162
0.0529136	16.9127
0.0540543	16.4555
0.0552921	15.9405
0.056635	15.3635
0.0580922	14.7213
0.0596731	14.0113
0.0613885	13.2324
0.0632496	12.3848
0.0652689	11.4709
0.0674599	10.4955
0.0698371	9.46619
0.0724164	8.39358
0.0752149	7.29157
0.0782513	6.17738
0.0815458	5.07128
0.0851203	3.99602
0.0889987	2.97538
0.0932067	2.02925
0.0977724	1.16438
0.102726	0.441138
0.108101	0.0657241
0.113933	0.00402892
0.12026	0.00243774
0.127125	0.0021764
0.134574	0.0019127
0.142656	0.00169352
0.151425	0.00150967
0.160939	0.00135609
0.171262	0.0012281
0.182463	0.00112201
0.194615	0.00103467
0.2078	0.000963662
0.222107	0.000907751
0.237629	0.000867802
0.25	0.000853614
)
