(title "Axial Velocity")
(labels "Position" "Axial Velocity")

((xy/key/label "axe")
-0.4	2.75
-0.379433	2.76855
-0.359894	2.80606
-0.341332	2.86832
-0.323698	2.96587
-0.306946	3.11097
-0.291031	3.31767
-0.275912	3.60357
-0.261549	3.98894
-0.247904	4.4953
-0.234942	5.14401
-0.222627	5.95408
-0.210929	6.93888
-0.199815	8.10184
-0.189257	9.43191
-0.179227	10.9006
-0.169698	12.4619
-0.160646	14.0566
-0.152046	15.6205
-0.143877	17.0942
-0.136115	18.4325
-0.128742	19.6093
-0.121738	20.6169
-0.115084	21.4619
-0.108762	22.1599
-0.102757	22.7309
-0.0970516	23.1954
-0.0916317	23.5725
-0.0864828	23.8788
-0.0815913	24.1285
-0.0769444	24.3329
-0.0725299	24.5011
-0.0683361	24.6405
-0.064352	24.7567
-0.060567	24.8544
-0.0569714	24.937
-0.0535555	25.0074
-0.0503104	25.0677
-0.0472275	25.1199
-0.0442988	25.1651
-0.0415166	25.2047
-0.0388734	25.2394
-0.0363624	25.27
-0.033977	25.2972
-0.0317108	25.3214
-0.0295579	25.343
-0.0275127	25.3623
-0.0255698	25.3796
-0.023724	25.3953
-0.0219704	25.4094
-0.0203046	25.4221
-0.018722	25.4336
-0.0172186	25.4441
-0.0157904	25.4536
-0.0144335	25.4622
-0.0131445	25.47
-0.01192	25.4771
-0.0107567	25.4836
-0.0096515	25.4895
-0.0086016	25.4949
-0.0076042	25.4999
-0.00665666	25.5044
-0.00575651	25.5085
-0.00490136	25.5123
-0.00408897	25.5158
-0.0033172	25.5189
-0.00258401	25.5218
-0.00188749	25.5245
-0.00122579	25.527
-0.000597182	25.5293
0	25.5313
0.000678251	25.5336
0.00137414	25.5359
0.00208811	25.5382
0.00282066	25.5404
0.00357224	25.5425
0.00434337	25.5447
0.00513455	25.5468
0.0059463	25.5489
0.00677916	25.5509
0.00763367	25.5528
0.00851039	25.5547
0.00940991	25.5566
0.0103328	25.5584
0.0112797	25.5601
0.0122512	25.5618
0.013248	25.5634
0.0142707	25.5649
0.01532	25.5663
0.0163966	25.5677
0.0175012	25.569
0.0186344	25.5702
0.0197972	25.5713
0.0209902	25.5724
0.0222142	25.5734
0.02347	25.5743
0.0247584	25.5751
0.0260804	25.5758
0.0274368	25.5765
0.0288284	25.5771
0.0302562	25.5776
0.0317211	25.5781
0.0332241	25.5785
0.0347661	25.5788
0.0363483	25.579
0.0379716	25.5792
0.0396371	25.5793
0.0413459	25.5793
0.0430992	25.5793
0.044898	25.5792
0.0467436	25.5791
0.0486372	25.5789
0.05058	25.5786
0.0525734	25.5784
0.0546185	25.578
0.0567168	25.5777
0.0588697	25.5772
0.0610786	25.5768
0.0633449	25.5763
0.0656701	25.5757
0.0680558	25.5751
0.0705035	25.5745
0.0730148	25.5738
0.0755915	25.5731
0.0782351	25.5724
0.0809475	25.5716
0.0837303	25.5708
0.0865856	25.5699
0.0895151	25.569
0.0925207	25.5681
0.0956045	25.5672
0.0987685	25.5662
0.102015	25.5652
0.105345	25.5642
0.108763	25.5631
0.112269	25.562
0.115866	25.5609
0.119557	25.5597
0.123343	25.5585
0.127229	25.5573
0.131215	25.556
0.135305	25.5548
0.139501	25.5534
0.143806	25.552
0.148223	25.5506
0.152755	25.5492
0.157405	25.5477
0.162176	25.5461
0.167071	25.5446
0.172093	25.5429
0.177245	25.5413
0.182532	25.5395
0.187956	25.5378
0.193521	25.5359
0.199231	25.534
0.205089	25.5321
0.2111	25.53
0.217267	25.528
0.223594	25.5258
0.230086	25.5235
0.236746	25.5212
0.24358	25.5188
0.250591	25.5162
0.257785	25.5135
0.265165	25.5107
0.272738	25.5077
0.280507	25.5045
0.288479	25.501
0.296658	25.4972
0.305049	25.4931
0.313658	25.4885
0.322492	25.4834
0.331555	25.4776
0.340854	25.4709
0.350394	25.4632
0.360182	25.4541
0.370225	25.4432
0.38053	25.4301
0.391102	25.4141
0.401948	25.3944
0.413077	25.3696
0.424496	25.3383
0.436211	25.2981
0.448231	25.2459
0.460563	25.1777
0.473216	25.0877
0.486198	24.969
0.499517	24.8133
0.513183	24.6119
0.527204	24.3572
0.541589	24.0449
0.556349	23.6755
0.571492	23.253
0.587029	22.7848
0.60297	22.2805
0.619326	21.7502
0.636106	21.2025
0.653323	20.6447
0.670988	20.0829
0.689112	19.5217
0.707707	18.9647
0.726786	18.4148
0.74636	17.8741
0.766444	17.3441
0.78705	16.8261
0.808191	16.3208
0.829883	15.8287
0.852138	15.3503
0.874972	14.8857
0.898399	14.435
0.922436	13.998
0.947097	13.5747
0.9724	13.165
0.998361	12.7684
1.025	12.3848
1.05232	12.0139
1.08036	11.6553
1.10913	11.3087
1.13865	10.9737
1.16893	10.65
1.2	10.3368
1.22667	10.0824
1.25333	9.84065
1.28	9.61048
1.30667	9.39109
1.33333	9.18174
1.36	8.98179
1.38667	8.79062
1.41333	8.60769
1.44	8.43247
1.46667	8.26455
1.49333	8.10343
1.52	7.94879
1.54667	7.80019
1.57333	7.65738
1.6	7.51993
1.62667	7.38771
1.65333	7.26024
1.68	7.13758
1.70667	7.01912
1.73333	6.90531
1.76	6.79499
1.78667	6.68947
1.81333	6.5865
1.84	6.48904
1.86667	6.39254
1.89333	6.30351
1.92	6.21275
1.94667	6.13425
1.97333	6.05275
2	5.99643
)
