(title "Axial Velocity")
(labels "Position" "Axial Velocity")

((xy/key/label "line-10")
0	8.28134
0.00365449	8.27696
0.00701662	8.26522
0.0101098	8.24794
0.0129555	8.22662
0.0155735	8.20247
0.0179821	8.17649
0.0201981	8.14944
0.0222367	8.12195
0.0241122	8.09448
0.0258378	8.06741
0.0274252	8.04101
0.0288857	8.01547
0.0302293	7.99094
0.0314655	7.9675
0.0326027	7.94522
0.033649	7.92413
0.0346116	7.90422
0.0354971	7.88548
0.0363118	7.8679
0.0370614	7.85143
0.037751	7.83603
0.0383854	7.82166
0.038969	7.80827
0.039506	7.7958
0.04	7.78421
0.0406667	7.76839
0.0413333	7.75236
0.042	7.73613
0.0426667	7.71969
0.0433333	7.70306
0.044	7.68623
0.0446667	7.66921
0.0453333	7.65199
0.046	7.63459
0.0466667	7.617
0.0473333	7.59922
0.048	7.58127
0.0486667	7.56313
0.0493333	7.54482
0.05	7.52633
0.0511699	7.49348
0.0524393	7.45726
0.0538166	7.41729
0.055311	7.37318
0.0569323	7.32445
0.0586915	7.27061
0.0606002	7.21111
0.0626712	7.14532
0.0649182	7.07259
0.0673562	6.99219
0.0700014	6.90333
0.0728714	6.80515
0.0759855	6.69677
0.0793642	6.57724
0.0830301	6.44556
0.0870076	6.30073
0.0913231	6.14175
0.0960055	5.96763
0.101086	5.77746
0.106598	5.57042
0.112579	5.34585
0.119068	5.1033
0.126109	4.84262
0.133748	4.56399
0.142037	4.26802
0.15103	3.95584
0.160787	3.62914
0.171374	3.29028
0.182861	2.94226
0.195324	2.58882
0.208846	2.23435
0.223518	1.88387
0.239437	1.54281
0.25	1.3432
)

((xy/key/label "line-8")
0	25.5683
0.00365675	25.5661
0.00702096	25.5597
0.010116	25.5494
0.0129635	25.5349
0.0155832	25.5164
0.0179933	25.494
0.0202106	25.4677
0.0222505	25.4378
0.0241272	25.404
0.0258538	25.3657
0.0274422	25.3211
0.0289036	25.2659
0.030248	25.1883
0.031485	25.0542
0.0326229	24.7725
0.0336698	24.186
0.034633	23.217
0.0355191	21.9991
0.0363343	20.7249
0.0370843	19.4968
0.0377743	18.3539
0.0384091	17.3079
0.0389932	16.3592
0.0395305	15.5029
0.0400248	14.7328
0.0406898	13.7259
0.0413548	12.7535
0.0420198	11.8192
0.0426848	10.9246
0.0433498	10.0705
0.0440149	9.25731
0.0446799	8.48499
0.0453449	7.75327
0.0460099	7.06165
0.0466749	6.40944
0.0473399	5.79583
0.048005	5.21991
0.04867	4.68072
0.049335	4.17723
0.05	3.70761
0.0508273	3.16972
0.0517249	2.64303
0.0526988	2.13464
0.0537554	1.65281
0.0549019	1.20506
0.0561458	0.822157
0.0574955	0.598784
0.0589599	0.54081
0.0605488	0.534984
0.0622727	0.531897
0.0641432	0.528627
0.0661726	0.525225
0.0683745	0.521636
0.0707637	0.517769
0.0733558	0.513577
0.0761684	0.509025
0.0792199	0.504086
0.0825309	0.498727
0.0861233	0.49292
0.0900211	0.486634
0.0942501	0.479841
0.0988387	0.472513
0.103817	0.46463
0.109219	0.456175
0.11508	0.447143
0.121439	0.437536
0.128339	0.427367
0.135825	0.416661
0.143947	0.405453
0.15276	0.393784
0.162322	0.381704
0.172696	0.369261
0.183953	0.356505
0.196166	0.343479
0.209417	0.330216
0.223795	0.316739
0.239395	0.303052
0.25	0.294338
)

((xy/key/label "line-9")
0	25.4521
0.0036562	25.4404
0.0070199	25.4024
0.0101145	25.322
0.0129615	25.1613
0.0155808	24.8592
0.0179906	24.3677
0.0202075	23.7041
0.0222471	22.9402
0.0241235	22.1463
0.0258499	21.3659
0.0274381	20.6219
0.0288992	19.9247
0.0302435	19.2782
0.0314802	18.6825
0.032618	18.1359
0.0336647	17.6358
0.0346278	17.1788
0.0355137	16.7616
0.0363288	16.381
0.0370787	16.0339
0.0377686	15.7173
0.0384033	15.4284
0.0389873	15.1648
0.0395245	14.9242
0.0400187	14.7046
0.0406842	14.4115
0.0413496	14.1214
0.042015	13.8343
0.0426804	13.5505
0.0433458	13.2699
0.0440112	12.9925
0.0446767	12.7186
0.0453421	12.448
0.0460075	12.1808
0.0466729	11.917
0.0473383	11.6567
0.0480037	11.4
0.0486692	11.1467
0.0493346	10.8969
0.05	10.6507
0.0508931	10.3258
0.0518622	9.98047
0.0529136	9.61426
0.0540543	9.22685
0.0552921	8.81817
0.056635	8.38836
0.0580922	7.9379
0.0596731	7.46759
0.0613885	6.97869
0.0632496	6.47291
0.0652689	5.95252
0.0674599	5.42038
0.0698371	4.88002
0.0724164	4.33567
0.0752149	3.79228
0.0782513	3.25557
0.0815458	2.73201
0.0851203	2.22875
0.0889987	1.75339
0.0932067	1.31291
0.0977724	0.910715
0.102726	0.573523
0.108101	0.396153
0.113933	0.365108
0.12026	0.36216
0.127125	0.359118
0.134574	0.355898
0.142656	0.352519
0.151425	0.34894
0.160939	0.345143
0.171262	0.341097
0.182463	0.336779
0.194615	0.332161
0.2078	0.327227
0.222107	0.321986
0.237629	0.316485
0.25	0.312309
)
